name: gala_env
channels:
  - conda-forge
  - defaults
dependencies:
  - astropy-iers-data=0.2024.1.15.0.30.14=pyhd8ed1ab_0
  - bzip2=1.0.8=hcfcfb64_5
  - ca-certificates=2023.11.17=h56e8100_0
  - gala=1.4.1=py39h5194bf4_1
  - gsl=2.7=hdfb1a43_0
  - importlib-metadata=7.0.1=pyha770c72_0
  - intel-openmp=2023.2.0=h57928b3_50497
  - libblas=3.9.0=20_win64_mkl
  - libcblas=3.9.0=20_win64_mkl
  - libffi=3.4.2=h8ffe710_5
  - libhwloc=2.9.3=default_haede6df_1009
  - libiconv=1.17=hcfcfb64_2
  - liblapack=3.9.0=20_win64_mkl
  - libsqlite=3.44.2=hcfcfb64_0
  - libxml2=2.12.4=hc3477c8_1
  - libzlib=1.2.13=hcfcfb64_5
  - m2w64-gcc-libgfortran=5.3.0=6
  - m2w64-gcc-libs=5.3.0=7
  - m2w64-gcc-libs-core=5.3.0=7
  - m2w64-gmp=6.1.0=2
  - m2w64-libwinpthread-git=5.0.0.4634.697f757=2
  - mkl=2023.2.0=h6a75c08_50497
  - msys2-conda-epoch=20160418=1
  - numpy=1.26.3=py39hddb5d58_0
  - openssl=3.2.0=hcfcfb64_1
  - packaging=23.2=pyhd8ed1ab_0
  - pip=23.3.2=pyhd8ed1ab_0
  - pthreads-win32=2.9.1=hfa6e2cd_3
  - pyerfa=2.0.1.1=py39hd88c2e4_0
  - python=3.9.18=h4de0772_1_cpython
  - python_abi=3.9=4_cp39
  - pyyaml=6.0.1=py39ha55989b_1
  - scipy=1.12.0=py39hddb5d58_0
  - setuptools=69.0.3=pyhd8ed1ab_0
  - tbb=2021.11.0=h91493d7_0
  - tk=8.6.13=h5226925_1
  - tzdata=2023d=h0c530f3_0
  - ucrt=10.0.22621.0=h57928b3_0
  - vc=14.3=hcf57466_18
  - vc14_runtime=14.38.33130=h82b7239_18
  - vs2015_runtime=14.38.33130=hcb4865c_18
  - wheel=0.42.0=pyhd8ed1ab_0
  - xz=5.2.6=h8d14728_0
  - yaml=0.2.5=h8ffe710_2
  - zipp=3.17.0=pyhd8ed1ab_0
  - pip:
      - astropy==5.3.4
      - colorama==0.4.6
      - commensurability==0.1.0+editable
      - contourpy==1.2.0
      - cycler==0.12.1
      - fonttools==4.47.2
      - h5py==3.10.0
      - iext==1.0.0
      - importlib-resources==6.1.1
      - kiwisolver==1.4.5
      - matplotlib==3.8.2
      - more-itertools==10.2.0
      - orbit-tessellation==0.2.0
      - pidgey==0.2.4
      - pillow==10.2.0
      - pyparsing==3.1.1
      - python-dateutil==2.8.2
      - six==1.16.0
      - tqdm==4.66.1
