name: commensurability_gala
channels:
  - conda-forge
  - defaults
dependencies:
  - astropy=5.3.1=py39hbaa61f9_0
  - brotli-python=1.0.9=py39h99910a6_9
  - bzip2=1.0.8=h8ffe710_4
  - ca-certificates=2023.7.22=h56e8100_0
  - certifi=2023.7.22=pyhd8ed1ab_0
  - charset-normalizer=3.2.0=pyhd8ed1ab_0
  - cython=0.29.36=py39h99910a6_0
  - gala=1.4.1=py39h5194bf4_1
  - gsl=2.7=hdfb1a43_0
  - idna=3.4=pyhd8ed1ab_0
  - importlib-metadata=6.8.0=pyha770c72_0
  - intel-openmp=2023.2.0=h57928b3_49496
  - libblas=3.9.0=17_win64_mkl
  - libcblas=3.9.0=17_win64_mkl
  - libffi=3.4.2=h8ffe710_5
  - libhwloc=2.9.2=nocuda_h15da153_1008
  - libiconv=1.17=h8ffe710_0
  - liblapack=3.9.0=17_win64_mkl
  - libsqlite=3.42.0=hcfcfb64_0
  - libxml2=2.11.4=hc3477c8_0
  - libzlib=1.2.13=hcfcfb64_5
  - m2w64-gcc-libgfortran=5.3.0=6
  - m2w64-gcc-libs=5.3.0=7
  - m2w64-gcc-libs-core=5.3.0=7
  - m2w64-gmp=6.1.0=2
  - m2w64-libwinpthread-git=5.0.0.4634.697f757=2
  - mkl=2022.1.0=h6a75c08_874
  - msys2-conda-epoch=20160418=1
  - numpy=1.25.1=py39h816b6a6_0
  - openssl=3.1.1=hcfcfb64_1
  - packaging=23.1=pyhd8ed1ab_0
  - pip=23.2.1=pyhd8ed1ab_0
  - platformdirs=3.9.1=pyhd8ed1ab_0
  - pooch=1.7.0=pyha770c72_3
  - pthreads-win32=2.9.1=hfa6e2cd_3
  - pyerfa=2.0.0.3=py39hc266a54_0
  - pysocks=1.7.1=pyh0701188_6
  - python=3.9.16=h4de0772_0_cpython
  - python_abi=3.9=3_cp39
  - pyyaml=6.0=py39ha55989b_5
  - requests=2.31.0=pyhd8ed1ab_0
  - scipy=1.11.1=py39hde5eda1_0
  - setuptools=68.0.0=pyhd8ed1ab_0
  - tbb=2021.10.0=h91493d7_0
  - tk=8.6.12=h8ffe710_0
  - typing-extensions=4.7.1=hd8ed1ab_0
  - typing_extensions=4.7.1=pyha770c72_0
  - tzdata=2023c=h71feb2d_0
  - ucrt=10.0.22621.0=h57928b3_0
  - urllib3=2.0.4=pyhd8ed1ab_0
  - vc=14.3=h64f974e_17
  - vc14_runtime=14.36.32532=hfdfe4a8_17
  - vs2015_runtime=14.36.32532=h05e6639_17
  - wheel=0.41.0=pyhd8ed1ab_0
  - win_inet_pton=1.1.0=pyhd8ed1ab_6
  - xz=5.2.6=h8d14728_0
  - yaml=0.2.5=h8ffe710_2
  - zipp=3.16.2=pyhd8ed1ab_0
  - pip:
      - commensurability==0.0.1
      - superfreq==0.2.dev311
prefix: C:\Users\sudip\anaconda3\envs\commensurability_gala
