name: galpy_env
channels:
  - conda-forge
  - defaults
dependencies:
  - brotli=1.1.0=hcfcfb64_1
  - brotli-bin=1.1.0=hcfcfb64_1
  - bzip2=1.0.8=hcfcfb64_5
  - ca-certificates=2023.11.17=h56e8100_0
  - certifi=2023.11.17=pyhd8ed1ab_0
  - contourpy=1.2.0=py312h0d7def4_0
  - cycler=0.12.1=pyhd8ed1ab_0
  - fonttools=4.47.2=py312he70551f_0
  - freetype=2.12.1=hdaf720e_2
  - galpy=1.9.1=py312hdd64b81_0
  - gsl=2.7=hdfb1a43_0
  - intel-openmp=2023.2.0=h57928b3_50497
  - kiwisolver=1.4.5=py312h0d7def4_1
  - lcms2=2.16=h67d730c_0
  - lerc=4.0.0=h63175ca_0
  - libblas=3.9.0=20_win64_mkl
  - libbrotlicommon=1.1.0=hcfcfb64_1
  - libbrotlidec=1.1.0=hcfcfb64_1
  - libbrotlienc=1.1.0=hcfcfb64_1
  - libcblas=3.9.0=20_win64_mkl
  - libdeflate=1.19=hcfcfb64_0
  - libexpat=2.5.0=h63175ca_1
  - libffi=3.4.2=h8ffe710_5
  - libhwloc=2.9.3=default_haede6df_1009
  - libiconv=1.17=hcfcfb64_2
  - libjpeg-turbo=3.0.0=hcfcfb64_1
  - liblapack=3.9.0=20_win64_mkl
  - libpng=1.6.39=h19919ed_0
  - libsqlite=3.44.2=hcfcfb64_0
  - libtiff=4.6.0=h6e2ebb7_2
  - libwebp-base=1.3.2=hcfcfb64_0
  - libxcb=1.15=hcd874cb_0
  - libxml2=2.12.4=hc3477c8_1
  - libzlib=1.2.13=hcfcfb64_5
  - m2w64-gcc-libgfortran=5.3.0=6
  - m2w64-gcc-libs=5.3.0=7
  - m2w64-gcc-libs-core=5.3.0=7
  - m2w64-gmp=6.1.0=2
  - m2w64-libwinpthread-git=5.0.0.4634.697f757=2
  - matplotlib-base=3.8.2=py312h26ecaf7_0
  - mkl=2023.2.0=h6a75c08_50497
  - msys2-conda-epoch=20160418=1
  - munkres=1.1.4=pyh9f0ad1d_0
  - numpy=1.26.3=py312h8753938_0
  - openjpeg=2.5.0=h3d672ee_3
  - openssl=3.2.0=hcfcfb64_1
  - packaging=23.2=pyhd8ed1ab_0
  - pillow=10.2.0=py312he768995_0
  - pip=23.3.2=pyhd8ed1ab_0
  - pthread-stubs=0.4=hcd874cb_1001
  - pthreads-win32=2.9.1=hfa6e2cd_3
  - pyparsing=3.1.1=pyhd8ed1ab_0
  - python=3.12.1=h2628c8c_1_cpython
  - python-dateutil=2.8.2=pyhd8ed1ab_0
  - python_abi=3.12=4_cp312
  - scipy=1.12.0=py312h8753938_0
  - setuptools=69.0.3=pyhd8ed1ab_0
  - six=1.16.0=pyh6c4a22f_0
  - tbb=2021.11.0=h91493d7_0
  - tk=8.6.13=h5226925_1
  - tzdata=2023d=h0c530f3_0
  - ucrt=10.0.22621.0=h57928b3_0
  - vc=14.3=hcf57466_18
  - vc14_runtime=14.38.33130=h82b7239_18
  - vs2015_runtime=14.38.33130=hcb4865c_18
  - wheel=0.42.0=pyhd8ed1ab_0
  - xorg-libxau=1.0.11=hcd874cb_0
  - xorg-libxdmcp=1.1.3=hcd874cb_0
  - xz=5.2.6=h8d14728_0
  - zstd=1.5.5=h12be248_0
  - pip:
      - astropy==6.0.0
      - astropy-iers-data==0.2024.1.22.0.30.30
      - commensurability==0.1.0+editable
      - h5py==3.10.0
      - iext==1.0.0
      - more-itertools==10.2.0
      - orbit-tessellation==0.2.0
      - pidgey==0.2.3
      - pyerfa==2.0.1.1
      - pyyaml==6.0.1
      - tqdm==4.66.1
